56 27 54 54
27 56 51 32 82 16 63
49 27
63 11 30
73 35 23 54 89
70 27 63 27 49
32
70 35 16 97 82 16 67
73 27 51 30 56 32 63
70 29 63 27 49 32 73 29 54
73 27
48 29 13 29 82 56 82 27 95
54 27 35 27 18 51 29,
97 56 27
70 29 63 30
51
51 35 15 63 89 48 16.
16 63 15 11 51 30
82 29
49 65 27 54 32 63 30
49
29 61 27
63 32 48 30
-
27 56 51 35 15 56 30 23
32
27 11 70 27 35 27 18 32 56 29 63 89 82 30 23,
27 82 30
51 30 51
11 15
73 35 29 54 70 27 49 65 32 38 30 63 30
73 35 32 23 56 82 16 67
70 49 56 35 29 97 16.    
82 27 49 51 27 13
51 29 54 30
27 82
27 73 16 49 56 32 63
70 29 63 27 49 32 73 29 54 82 15 95
16 73 27 35 
32
70 15 56 30 38 32 63
32 92 - 73 27 54
11 30 61 30 18 82 32 51 30
49 63 27 18 29 82 82 16 67
61 30 92 29 56 16.
27 82
49 16 82 16 63
61 30 92 29 56 16
73 27 54
13 15 24 51 16
32
70 92 27 24 29 63
73 27
49 56 16 73 29 82 89 51 30 13.